A
3
50.9415
50.9415
50.9415
  .000000    .000000  -1.252248
  .000000  -1.084004    .626124
  .000000   1.084004    .626124
255.0
  .0000    -.0226       .5797
  .0000    -.4859      -.3095
  .0000     .5085      -.2702
255.0
  .0000    -.5768      -.0228
  .0000     .3078      -.4883
  .0000     .2690       .5111
420.8
  .0000     .0001      -.5745
  .0000    -.5025       .2873
  .0000     .5024       .2872
  .000000     .000000   -1.276907  
  .000000   -1.105517     .638454 
  .000000    1.105517     .638454
261.9 
       .0000        .3701        .4448
       .0000       -.5672        .0982
       .0000        .1971       -.5430
263.3 
       .0000        .4430       -.3710
       .0000        .0983        .5693
       .0000       -.5413       -.1983
421.8 
       .0000       -.0005        .5755
       .0000        .5019       -.2881
       .0000       -.5014       -.2873
-300.
2000.
500.
5.
1.
0.
6
10
0.001