4.963949082784776048e-03 0.000000000000000000e+00
-1.822795531607802974e-16 0.000000000000000000e+00
5.762761747265742612e-02 0.000000000000000000e+00
-1.116513391638024599e-01 0.000000000000000000e+00
3.263817018584561080e-02 0.000000000000000000e+00
2.444734222989574983e-16 0.000000000000000000e+00
-3.545396514879098349e-02 0.000000000000000000e+00
5.762761747265595508e-02 0.000000000000000000e+00
-8.106855888836001967e-17 0.000000000000000000e+00
2.139161142777138695e-16 0.000000000000000000e+00
-4.597578364730969592e-16 0.000000000000000000e+00
7.607322665352083454e-16 0.000000000000000000e+00
9.886634049765644638e-01 0.000000000000000000e+00
4.299558972698190045e-16 0.000000000000000000e+00
3.263817018585116886e-02 0.000000000000000000e+00
4.963949082782718666e-03 0.000000000000000000e+00
