A
4
14
1
1
1
0.0 0.0 0.0
0.0 -0.9377 -0.3816
0.8121 0.4689 -0.3816
-0.8121 0.4689 -0.3816
993.411599887848
2.5278604532327182e-14 3.2505039926561654e-07 0.10755452651504212
-6.549427894404566e-13 0.1700906960438528 -0.4982232347395678
-0.14722456567762526 -0.08504760644454688 -0.49816826997943664
0.1472245656779288 -0.08504760644547867 -0.4981682699796014
1655.7790801753742
-0.06610527013147934 5.632256033945768e-10 3.7766671595985474e-14
0.7370648446169769 1.0626296368701607e-09 -2.1234428172411033e-09
0.09076148897241514 -0.37312497884495066 -0.21581893174403846
0.09076148261262289 0.373124969955831 0.21581893386695628
1655.8640216169076
-5.633824117202272e-10 -0.06610068584786898 7.994641600052335e-06
6.280491558800182e-09 -0.12469228760828385 0.24915164984731325
-0.37316719951693683 0.5216081975056833 -0.12463137286659155
0.37316720106511353 0.5216082038636152 -0.12463136918795618
3560.6505435427675
5.949590051552991e-14 -0.00011593344327712993 0.033293204714165935
-2.6137168556687335e-13 -0.5482156860258688 -0.15378618813156772
0.47624624267774557 0.2749133389156913 -0.15442531785432118
-0.47624624267831095 0.2749133389157158 -0.15442531785470942
3716.1926211464984
0.07478476721418512 -2.836156524651649e-11 1.0063696289789356e-14
0.034441571755432665 2.754179566976064e-10 1.0687172929151955e-10
-0.5368191162943071 -0.3298392002927137 0.2441555509059197
-0.5368191165415729 0.32983920041140274 -0.24415555101293118
3716.570771565773
-2.825603504750452e-11 -0.07478876062885041 -5.503817507075443e-05
-1.3207252676969025e-11 0.7280827245202804 0.282196244050746
0.32907815240199395 0.15558471431718476 -0.14071572146374584
-0.3290781519961456 0.1555847140676012 -0.14071572127924628
0.0 0.0 0.0
0.0 1.0091 0.0
0.8739 -0.5046 0.0
-0.8739 -0.5046 0.0
763.7553741840076
-1.531244609796043e-16 -4.4496814840630896e-17 0.11258959430198401
1.4790190044769924e-15 -5.5290430073906256e-17 -0.5215431984121283
6.453429885188746e-16 1.4375511819215627e-15 -0.5214915195379294
9.675825262933595e-17 -1.5204868270324221e-16 -0.5214915195379296
1469.265928098444
0.07644763819518631 1.3697146965239504e-09 1.168041389566561e-16
-0.7762773343351507 1.2197201018431597e-09 -9.53759918774883e-16
-0.1430131589302568 -0.3656096821139811 -9.952277413303126e-16
-0.14301314582186894 0.3656096618609336 -9.81405133811836e-16
1469.4289057022593
1.3704083197132e-09 -0.07644558419812161 -8.853012119333856e-17
-1.3910583591241644e-08 -0.06808840972957765 7.256868947200196e-16
0.36562302144723585 0.5651817468584003 7.084086353219239e-16
-0.3656230265796179 0.5651817599575765 6.220173383314454e-16
3588.2845620818252
2.755771549282939e-13 3.9770560923576996e-05 3.3372611130473175e-17
-2.6173936692686482e-12 0.5746858928927234 -1.7969389774019533e-16
0.49817161039411273 -0.28761926899060647 -1.935165052586719e-16
-0.4981716103953248 -0.28761926898828405 -2.4880693533257814e-16
3795.660984831268
0.08265697412099038 5.351688468918205e-11 6.118312040586749e-17
0.007575537955783496 -4.963128039098722e-10 9.675825262933595e-17
-0.5780815368747311 0.33816475704634485 1.3822607518476564e-16
-0.5780815373039815 -0.33816475729369355 1.3822607518476564e-16
3795.8528015416355
-5.290831375503277e-11 0.08265886427205665 -4.078874693724499e-17
-6.406446842233444e-12 -0.7735936445000331 2.7645215036953128e-17
0.33790027699063274 -0.18751007869135022 1.3822607518476564e-17
-0.337900276249021 -0.1875100782557378 1.5204868270324221e-16
-1000
200000
20
5
1
0
1
30
0.001
