A
3
51
51
51
0.0 0.0 -1.252248
0.0 -1.084004 0.626124
0.0 1.084004 0.626124
319.53967957071194j
1.6214607946708177e-18 -6.366937860548047e-05 -0.07927200724117654
-1.1664401482299863e-17 0.07146107047725275 0.03958084018114066
-2.2027344234971462e-17 -0.07139740109864724 0.03969116706003587
280.0852728725097j
-2.7211402250921357e-18 -0.08087378886948829 0.00018955998730694413
-7.079979547460484e-19 0.04048649516785731 -0.070164198808694
5.2829365320070595e-18 0.04038729370163097 0.06997463882138706
245.02631932703974j
-2.1532253361194514e-18 -0.00012467669312172025 -0.08247920836070421
-9.894497570584924e-18 -0.0685892601209804 0.04113158372590157
-2.57519391631494e-17 0.0687139368141021 0.04134762463480263
0.0 0.0 -1.276907
0.0 -1.105517 0.638454
0.0 1.105517 0.638454
0.0
-2.617088686101519e-19 -0.0808799984110257 4.5566040619441455e-05
3.543070214402331e-18 0.04039910161462668 -0.07008701298535798
-3.263822129687951e-18 0.04048089679639897 0.07004144694473859
0.0
-3.538740576559512e-19 -4.5793537946445114e-05 -0.06517789416014075
-4.614721025024733e-18 0.08144192768800403 0.03254927733431581
1.3620341537937084e-17 -0.08139613415005754 0.032628616825824915
0.0
2.119062189729184e-18 7.452617445410056e-06 0.09401461010623736
1.8553112698945686e-17 0.056441998854700956 -0.047000849045294786
2.13319982061978e-17 -0.056449451472146375 -0.047013761060942565
-300
2000
100
5
1
0
6
10
0.001
